
            34                                         30            
                                                                       
      35    33                                         31    29      
                                                                       
36          32                                         24          28 
                                                                       
37    39                        4                            25    27
                                                                       
38                        3           5                            26 
                     
                    2                       6                     
                  
                          1           7
               22                              10
                                0                   
               21    23                   9    11  

               20          16       8          12   
        
                     19    17      15    13

                           18      14

                                                          
                                                          
                                                          
                               40                                       
                                                                        
                         41          47                                   
                                                                            
                   42                      46                             
                                                                           
                         43          45                                   
                                                                            
                               44        
